1560765577.25	750	4		15.574		450283		9473		-66.9682
1560765585.33	300	4.245998		4.186		155580		7398		-18.1498
1560765586.99	300	6.737007		0.0		139857		1124		0.3
1560765588.32	300	9.357237		0.0		155432		924		0.3
1560765590.19	300	11.506133		0.0		163442		1490		0.3
1560765639.92	750	4		-4.538		450283		15056		19.813399999999998
1560765642.56	300	5.686061		0.0		155580		1919		-0.15000000000000002
1560765656.78	300	4.0384		6.321		139857		5972		-26.8803
1560765658.48	300	6.338215		0.0		155432		1317		0.3
1560765659.58	300	9.240063		0.0		163442		739		0.3
1560765660.35	300	12.465064		0.0		126289		409		0.3
1560765661.65	750	15.179959		0.0		352642		899		0.3
1560765664.19	1850	16.63913		0.0		1060487		2030		0.75
1560765668.14	1850	16.685142		0.0		852833		3573		1.85
1560765671.22	1850	17.601354		0.0		913888		2710		1.85
1560765690.46	1850	4.390744		2.034		939819		18874		-6.8961999999999986
1560765695.27	300	4.421718		0.84		156148		4311		-4.862
1560765697.92	300	5.770918		0.0		160746		2210		0.3
1560765699.46	300	8.280448		0.0		179801		1135		0.3
1560765700.39	300	11.293376		0.0		140051		570		0.3
1560765702.83	750	12.920803		0.0		366214		1994		0.3
1560765705.22	750	14.471798		0.0		360831		1165		0.75
1560765707.91	1850	15.772789		0.0		885714		2268		0.75
1560765710.73	1850	16.964527		0.0		987708		2437		1.85
1560765713.61	1850	18.081419		0.0		923755		2492		1.85
1560765716.01	1850	19.67636		0.0		891604		2014		1.85
1560765718.42	1850	21.259448		0.0		955231		2047		1.85
1560765723.52	1850	20.174971		0.0		968026		4698		1.85
1560765727.57	1850	20.11516		0.0		874175		3687		1.85
1560765731.05	1850	20.63812		0.0		897976		3044		1.85
1560765739.46	1850	16.231839		0.0		905935		7988		1.85
1560765744.17	1850	15.511619		0.0		1076599		4313		1.85
1560765747.19	1850	16.494784		0.0		758197		2636		1.85
1560765750.44	1850	17.245253		0.0		972798		2877		1.85
1560765754.62	1850	17.06857		0.0		975811		3813		1.85
1560765757.97	1850	17.72091		0.0		873429		2977		1.85
1560765761.07	1850	18.610172		0.0		954453		2739		1.85
1560765763.83	1850	19.86996		0.0		885062		2382		1.85
1560765766.07	1850	21.663665		0.0		1035329		1822		1.85
1560765772.2	1850	19.478788		0.0		1026056		5768		1.85
1560765776.95	1850	18.748082		0.0		943942		4361		1.85
1560765780.39	1850	19.300727		0.0		728962		3077		1.85
1560765785.96	1850	17.719307		0.0		938587		5190		1.85
1560765788.87	1850	18.806115		0.0		908665		2540		1.85
1560765794.38	1850	17.297947		0.0		930577		5144		1.85
1560765796.93	1850	18.75811		0.0		858450		2175		1.85
1560765799.18	1850	20.520798		0.0		1025005		1832		1.85
1560765801.94	1850	21.745608		0.0		886255		2406		1.85
1560765804.54	1850	23.153283		0.0		973972		2228		1.85
1560765819.36	4300	12.322056		0.0		2124950		14312		1.8499999999999996
1560765830.9	4300	4.798485		0.0		2246506		11134		4.3
1560765844.53	4300	4.040616		8.874		1961140		13223		-33.8582
1560765850.23	1850	4.398077		2.047		846370		5290		-9.4021
1560765861.42	1850	1.875318		6.973		598850		10789		-28.133899999999997

1560765868.85	750	4		5.409		668286		5236		-23.2587
1560765870.01	300	6.790048		0.0		155580		633		-0.15000000000000002
1560765872.35	750	8.728775		0.0		350812		1528		0.3
1560765873.92	750	10.760621		0.0		382355		1319		0.75
1560765875.56	750	13.241481		0.0		411561		1265		0.75
1560765879.95	1850	12.864817		0.0		801058		3104		0.75
1560765887.48	1850	9.32904		0.0		905515		6679		1.85
1560765889.1	750	11.713866		0.0		437162		1237		-0.3500000000000001
1560765891.42	750	13.384046		0.0		374758		1923		0.75
1560765893.54	750	15.263077		0.0		362795		1744		0.75
1560765895.33	750	17.475828		0.0		353220		1428		0.75
1560765897.27	750	19.526758		0.0		405134		1567		0.75
1560765903.23	1850	17.566414		0.0		946851		5510		0.75
1560765912.34	1850	12.462894		0.0		1036454		8742		1.85
1560765914.17	750	14.633833		0.0		337059		1459		-0.3500000000000001
1560765915.8	750	16.999447		0.0		366214		1250		0.75
1560765922.68	1850	14.136356		0.0		966699		6482		0.75
1560765937.4	1850	4.026206		0.595		885714		14294		-0.7084999999999999
1560765940.66	300	4.737171		0.0		165384		2646		-1.25
1560765941.99	300	7.41555		0.0		140881		960		0.3
1560765943.2	300	10.198524		0.0		157671		825		0.3
1560766045.61	750	4		36.484		450283		42318		-156.58119999999997
1560766054.85	300	4.491654		5.415		155580		8554		-23.4345
1560766060.02	300	4.406574		1.096		139857		4753		-4.412800000000001
1560766116.42	750	4		-25.153		450283		23657		108.4579
1560766127.69	300	4.032864		7.343		155580		4928		-31.724899999999998
1560766135.03	300	4.098092		3.434		139857		6806		-14.466199999999999
1560766202.0	750	4		-34.608		450283		1		149.11440000000002
1560766234.7	4300	8		0.0		2123065		32486		0.75
1560766251.04	4300	4.277039		3.525		2177073		16169		-10.857500000000002
1560766251.15	1850	8.163354		0.0		933276		4		-0.6000000000000001
1560766262.27	4300	4.300619		3.256		2233056		10976		-12.1508
1560766262.37	1850	8.197625		0.0		801058		2		-0.6000000000000001
1560766271.28	4300	4.305388		0.984		2157535		8721		-2.3811999999999998
1560766271.38	1850	8.169841		0.0		1060487		6		-0.6000000000000001
1560766284.2	4300	4.290294		4.946		2055469		12692		-19.417799999999996
1560766284.3	1850	8.202794		0.0		913888		2		-0.6000000000000001
1560766294.24	4300	4.486428		2.229		2173522		9800		-7.7347
1560766294.36	1850	8.381979		0.0		917428		2		-0.6000000000000001
1560766322.4	4300	27.543094		-6.086		2209463		3455		28.0198
1560766324.4	4300	27.543094		0.0		2209463		3455		4.3
1560766325.44	4300	27.543094		0.0		2209463		3455		4.3
1560766326.46	4300	27.543094		0.0		2209463		3455		4.3
1560766327.58	4300	27.543094		0.0		2209463		3455		4.3
1560766328.86	4300	27.543094		0.0		2209463		3455		4.3
1560766329.91	4300	27.543094		0.0		2209463		3455		4.3
1560766331.59	4300	27.543094		0.0		2209463		3455		4.3
1560766332.85	4300	27.543094		0.0		2209463		3455		4.3
1560766333.87	4300	27.543094		0.0		2209463		3455		4.3
1560766336.06	4300	27.543094		0.0		2209463		3455		4.3
1560766338.36	4300	27.543094		0.0		2209463		3455		4.3
1560766340.76	4300	27.543094		0.0		2209463		3455		4.3
1560766342.24	4300	27.543094		0.0		2209463		3455		4.3
1560766343.48	4300	27.543094		0.0		2209463		3455		4.3
1560766345.61	4300	27.543094		0.0		2209463		3455		4.3
1560766357.54	4300	27.543094		0.0		2209463		3455		4.3
1560766358.86	4300	27.543094		0.0		2209463		3455		4.3
1560766360.19	4300	27.543094		0.0		2209463		3455		4.3
1560766361.37	4300	27.543094		0.0		2209463		3455		4.3
1560766362.81	4300	27.543094		0.0		2209463		3455		4.3
1560766364.43	4300	27.543094		0.0		2209463		3455		4.3
1560766368.77	4300	27.543094		0.0		2209463		3455		4.3
1560766370.8	4300	27.543094		0.0		2209463		3455		4.3
1560766372.76	4300	27.543094		0.0		2209463		3455		4.3
1560766374.18	4300	27.543094		0.0		2209463		3455		4.3
1560766375.45	4300	27.543094		0.0		2209463		3455		4.3
1560766376.66	4300	27.543094		0.0		2209463		3455		4.3
1560766377.96	4300	27.543094		0.0		2209463		3455		4.3
1560766379.02	4300	27.543094		0.0		2209463		3455		4.3
1560766380.0	4300	27.543094		0.0		2209463		3455		4.3
1560767104.73	4300	27.543094		0.0		2209463		3455		4.3
1560767107.17	4300	27.543094		0.0		2209463		3455		4.3
1560767108.65	4300	27.543094		0.0		2209463		3455		4.3
1560767110.14	4300	27.543094		0.0		2209463		3455		4.3
1560767111.42	4300	27.543094		0.0		2209463		3455		4.3
1560767129.09	750	4		-8.855		450283		1		35.276500000000006
1560767129.26	4300	7.975048		0.0		2123065		5		0.75
1560767129.72	4300	11.777269		0.0		2177073		12		4.3
1560767171.11	4300	4.493876		30.41		2160877		41107		-126.46300000000001
1560767171.28	1850	8.329233		0.0		996749		3		-0.6000000000000001
1560767179.95	4300	4.40557		0.706		1941625		8472		-1.1858
1560767180.08	1850	8.243047		0.0		905515		3		-0.6000000000000001
1560767188.76	4300	4.360165		0.81		2290172		8530		-1.6330000000000005
1560767188.88	1850	8.229963		0.0		852833		2		-0.6000000000000001
1560767195.82	4300	5.312787		0.0		2169201		6755		1.8499999999999996
1560767195.9	1850	9.215735		0.0		939819		3		-0.6000000000000001
1560767203.91	4300	5.233256		0.0		2102452		7849		1.8499999999999996
1560767203.99	1850	9.120656		0.0		946851		3		-0.6000000000000001
1560767209.52	4300	7.860851		0.0		2275376		5137		1.8499999999999996
1560767210.74	1850	10.352865		0.0		821631		1103		-0.6000000000000001
1560767212.92	1850	12.188331		0.0		923170		1990		1.85
1560767214.47	1850	14.652741		0.0		966699		1430		1.85
1560767214.84	300	18.268011		0.0		150616		227		-1.25
1560767216.44	1850	20.679626		0.0		987708		1483		0.30000000000000004
1560767216.79	300	24.332582		0.0		140881		197		-1.25
1560767217.65	750	27.471863		0.0		386472		723		0.3
1560767217.77	4300	31.348928		0.0		2176469		12		0.75
1560767217.89	4300	35.245475		0.0		2221506		6		4.3
1560767218.06	4300	39.045305		0.0		2044075		24		4.3
1560767218.15	4300	42.965235		0.0		2186790		6		4.3
1560767218.29	4300	46.830938		0.0		2105231		9		4.3
1560767218.38	4300	50.739216		0.0		2395588		6		4.3
1560767218.48	4300	54.640034		0.0		1972048		5		4.3
1560767218.6	4300	58.528146		0.0		2134614		9		4.3
1560767221.7	4300	59.669849		0.0		2164140		5		4.3
1560767225.31	4300	59.920721		0.0		2113193		6		4.3
1560767229.43	4300	59.920255		0.0		2147852		10		4.3
1560767233.55	4300	59.669234		0.0		2191074		5		4.3
1560767237.71	4300	59.669743		0.0		2286761		6		4.3
1560767241.4	4300	59.92012		0.0		2307787		25		4.3
1560767245.51	4300	59.670152		0.0		2143948		5		4.3
1560767249.62	4300	59.670156		0.0		1919781		5		4.3
1560767253.27	4300	59.92001		0.0		2147467		7		4.3
1560767276.44	4300	59.95307		0.0		2133870		6		4.3
1560767280.56	4300	59.954195		0.0		2146120		7		4.3
1560767284.69	4300	59.704625		0.0		2108491		6		4.3
1560767288.82	4300	59.704521		0.0		2184571		15		4.3
1560767292.45	4300	59.954504		0.0		2121928		8		4.3
1560767296.6	4300	59.95347		0.0		2219102		10		4.3
1560767300.7	4300	59.702872		0.0		2124950		6		4.3
1560767304.81	4300	59.704617		0.0		2246506		13		4.3
1560767308.94	4300	59.622464		0.0		1961140		9		4.3
1560767312.62	4300	59.873409		0.0		2155012		7		4.3
1560767314.25	4300	59.802548		0.0		1433658		14		4.3

1560767315.08	750	4		0.267		668286		154		-1.1481
1560767315.21	4300	7.956544		0.0		2123065		12		0.75
1560767315.33	4300	11.854537		0.0		2177073		11		4.3
1560767315.43	4300	15.73782		0.0		2160877		8		4.3
1560767315.53	4300	19.639038		0.0		2233056		11		4.3
1560767315.62	4300	23.550192		0.0		1941625		4		4.3
1560767315.72	4300	27.455083		0.0		2157535		6		4.3
1560767315.81	4300	31.355583		0.0		2290172		7		4.3
1560767315.91	4300	35.26786		0.0		2055469		6		4.3
1560767316.02	4300	39.154362		0.0		2169201		9		4.3
1560767316.19	4300	43.047598		0.0		2173522		6		4.3
1560767316.35	4300	46.828335		0.0		2102452		22		4.3
1560767317.1	4300	50.081301		0.0		2209463		598		4.3
1560767317.2	4300	53.967858		0.0		2275376		6		4.3
1560767317.29	4300	57.868376		0.0		2005399		17		4.3
1560767319.9	4300	59.500225		0.0		2152483		5		4.3
1560767323.51	4300	59.75101		0.0		2289689		15		4.3
1560767327.61	4300	59.749971		0.0		2059512		5		4.3
1560767331.72	4300	59.499995		0.0		2220726		9		4.3
1560767352.98	4300	59.632763		0.0		2156729		5		4.3
1560767356.7	4300	41.039339		0.0		2039773		12		4.3
1560767356.81	4300	44.774946		0.0		2176469		16		4.3
1560767356.89	4300	48.682945		0.0		2221506		6		4.3
1560767356.98	4300	52.595124		0.0		2044075		13		4.3
1560767357.07	4300	56.509277		0.0		2186790		9		4.3
1560767358.26	4300	59.539565		0.0		2105231		7		4.3
1560767359.48	4300	38.908572		0.0		2395588		31		4.3
1560767359.59	4300	42.617217		0.0		1972048		6		4.3
1560767359.68	4300	46.512461		0.0		2134614		9		4.3
1560767359.78	4300	50.430911		0.0		2164140		9		4.3
1560767359.88	4300	54.327392		0.0		2113193		12		4.3
1560767359.97	4300	58.226306		0.0		2147852		9		4.3
1560767362.59	4300	59.657792		0.0		2191074		13		4.3
1560767366.69	4300	59.657997		0.0		2286761		7		4.3
1560767368.28	4300	6.080466		0.0		2307787		8		4.3
1560767368.39	4300	10.055294		0.0		2143948		5		4.3
1560767368.47	4300	13.964694		0.0		1919781		5		4.3
1560767368.58	4300	17.870562		0.0		2147467		6		4.3
1560767368.67	4300	21.755818		0.0		2133870		7		4.3
1560767368.77	4300	25.665193		0.0		2146120		10		4.3
1560767368.89	4300	29.565455		0.0		2108491		11		4.3
1560767368.98	4300	33.445429		0.0		2184571		7		4.3
1560767369.09	4300	37.346681		0.0		2121928		13		4.3
1560767369.18	4300	41.254422		0.0		2219102		8		4.3
1560767369.27	4300	45.170192		0.0		2124950		7		4.3
1560767369.36	4300	49.075501		0.0		2246506		6		4.3
1560767369.44	4300	52.990255		0.0		1961140		6		4.3
1560767369.52	4300	56.906058		0.0		2155012		6		4.3
1560767369.6	4300	58.509727		0.0		1433658		4		4.3

1560767369.92	750	4		0.026		668286		7		-0.11180000000000001
1560767370.03	4300	7.958139		0.0		2123065		12		0.75
1560767370.14	4300	11.865671		0.0		2177073		5		4.3
1560767370.23	4300	15.757612		0.0		2160877		10		4.3
1560767370.32	4300	19.66594		0.0		2233056		5		4.3
1560767370.4	4300	23.588486		0.0		1941625		4		4.3
1560767370.49	4300	27.498489		0.0		2157535		7		4.3
1560767370.58	4300	31.410382		0.0		2290172		9		4.3
1560767370.66	4300	35.333506		0.0		2055469		7		4.3
1560767370.75	4300	39.245466		0.0		2169201		9		4.3
1560767370.86	4300	43.150853		0.0		2173522		6		4.3
1560767370.96	4300	47.039478		0.0		2102452		8		4.3
1560767371.06	4300	50.935379		0.0		2209463		7		4.3
1560767371.15	4300	54.847091		0.0		2275376		6		4.3
1560767371.23	4300	58.754522		0.0		2005399		4		4.3
1560767374.32	4300	59.749175		0.0		2152483		6		4.3
1560767378.45	4300	59.749621		0.0		2289689		12		4.3
1560767382.07	4300	59.998065		0.0		2059512		5		4.3
1560767386.67	4300	59.498395		0.0		2220726		5		4.3
1560767390.28	4300	59.748931		0.0		2156729		6		4.3
1560767394.38	4300	59.749281		0.0		2039773		6		4.3
1560767398.55	4300	59.499743		0.0		2176469		10		4.3
1560767402.66	4300	59.498939		0.0		2221506		7		4.3
1560767406.28	4300	59.749306		0.0		2044075		5		4.3
1560767410.4	4300	59.749479		0.0		2186790		6		4.3
1560767414.5	4300	59.748871		0.0		2105231		5		4.3
1560767418.11	4300	59.999428		0.0		2395588		5		4.3
1560767422.22	4300	59.99932		0.0		1972048		5		4.3
1560767426.41	4300	59.748972		0.0		2134614		14		4.3
1560767430.02	4300	59.999246		0.0		2164140		6		4.3
1560767435.4	4300	59.999349		0.0		2113193		7		4.3
1560767438.0	4300	59.998357		0.0		2147852		14		4.3
1560767442.1	4300	59.999189		0.0		2191074		5		4.3
1560767446.72	4300	59.499028		0.0		2286761		7		4.3
1560767450.32	4300	59.748935		0.0		2307787		7		4.3
1560767454.43	4300	59.748196		0.0		2143948		7		4.3
1560767458.09	4300	59.998812		0.0		1919781		5		4.3
1560767462.3	4300	59.999348		0.0		2147467		9		4.3
1560767466.52	4300	59.749164		0.0		2133870		12		4.3
1560767470.22	4300	59.999067		0.0		2146120		7		4.3
1560767477.39	4300	59.749006		0.0		2108491		7		4.3
1560767478.0	4300	59.999466		0.0		2184571		13		4.3
1560767482.6	4300	59.498236		0.0		2121928		5		4.3
1560767486.21	4300	59.999471		0.0		2219102		6		4.3
1560767490.37	4300	59.74959		0.0		2124950		6		4.3
1560767494.05	4300	59.99896		0.0		2246506		12		4.3
1560767498.72	4300	59.499112		0.0		1961140		19		4.3
1560767502.33	4300	59.748162		0.0		2155012		14		4.3
1560767503.92	4300	59.929848		0.0		1433658		4		4.3

1560767504.46	750	4		0.031		668286		2		-0.13329999999999997
1560767504.6	4300	7.958788		0.0		2123065		8		0.75
1560767504.83	4300	11.76737		0.0		2177073		14		4.3
1560767505.07	4300	15.49541		0.0		2160877		29		4.3
1560767505.27	4300	19.277484		0.0		2233056		21		4.3
1560767505.41	4300	23.135896		0.0		1941625		5		4.3
1560767506.83	4300	27.012929		0.0		2157535		4		4.3
1560767507.02	4300	29.569696		0.0		2290172		14		4.3
1560767508.19	4300	33.345812		0.0		2055469		19		4.3
1560767508.31	4300	36.219701		0.0		2169201		18		4.3
1560767508.43	4300	40.122499		0.0		2173522		7		4.3
1560767508.53	4300	44.002061		0.0		2102452		9		4.3
1560767508.6	4300	47.89959		0.0		2209463		8		4.3
1560767508.7	4300	51.832589		0.0		2275376		6		4.3
1560767508.8	4300	55.739658		0.0		2005399		5		4.3
1560767508.91	4300	59.6389		0.0		2152483		7		4.3
1560767513.66	4300	59.999137		0.0		2289689		15		4.3
1560767516.77	4300	59.748684		0.0		2059512		10		4.3
1560767521.22	4300	59.749875		0.0		2220726		18		4.3
1560767524.82	4300	59.749535		0.0		2156729		9		4.3
1560767529.24	4300	59.749485		0.0		2039773		11		4.3
1560767532.93	4300	59.749686		0.0		2176469		14		4.3
1560767536.65	4300	59.999082		0.0		2221506		10		4.3
1560767540.84	4300	59.749511		0.0		2044075		8		4.3
1560767544.98	4300	59.748685		0.0		2186790		6		4.3
1560767548.68	4300	59.998968		0.0		2105231		15		4.3
1560767552.83	4300	59.749494		0.0		2395588		12		4.3
1560767556.93	4300	59.749072		0.0		1972048		6		4.3
1560767560.54	4300	59.999155		0.0		2134614		9		4.3
1560767564.72	4300	59.999288		0.0		2164140		6		4.3
1560767568.99	4300	59.748467		0.0		2113193		16		4.3
1560767572.73	4300	59.999218		0.0		2147852		12		4.3
1560767576.71	4300	59.999457		0.0		2191074		10		4.3
1560767580.86	4300	59.748897		0.0		2286761		19		4.3
1560767585.03	4300	59.748676		0.0		2307787		12		4.3
1560767588.73	4300	59.999366		0.0		2143948		14		4.3
1560767592.91	4300	59.749572		0.0		1919781		27		4.3
1560767597.03	4300	59.748477		0.0		2147467		10		4.3
1560767600.72	4300	59.998972		0.0		2133870		10		4.3
1560767604.9	4300	59.748744		0.0		2146120		18		4.3
1560767609.02	4300	59.749722		0.0		2108491		7		4.3
1560767612.65	4300	59.998085		0.0		2184571		10		4.3
1560767617.86	4300	59.998724		0.0		2121928		15		4.3
1560767621.6	4300	59.999182		0.0		2219102		6		4.3
1560767624.7	4300	59.999005		0.0		2124950		17		4.3
1560767628.81	4300	59.748678		0.0		2246506		6		4.3
1560767632.96	4300	59.748852		0.0		1961140		13		4.3
1560767883.21	4300	59.69146		0.0		2155012		10		4.3
1560767884.4	4300	59.871886		0.0		1433658		6		4.3

1560767885.44	750	4		0.024		668286		4		-0.10319999999999996
1560767885.68	4300	7.93024		0.0		2123065		10		0.75
1560767885.85	4300	11.724633		0.0		2177073		16		4.3
1560767885.99	4300	15.608379		0.0		2160877		11		4.3
1560767886.08	4300	19.461636		0.0		2233056		11		4.3
1560767887.24	4300	23.348082		0.0		1941625		9		4.3
1560767887.38	4300	26.181874		0.0		2157535		24		4.3
1560767887.47	4300	30.093347		0.0		2290172		7		4.3
1560767887.54	4300	34.004103		0.0		2055469		7		4.3
1560767887.65	4300	37.923207		0.0		2169201		10		4.3
1560767887.79	4300	41.772686		0.0		2173522		24		4.3
1560767887.88	4300	45.690448		0.0		2102452		9		4.3
1560767887.98	4300	49.596273		0.0		2209463		9		4.3
1560767888.14	4300	53.456153		0.0		2275376		25		4.3
1560767888.34	4300	57.264789		0.0		2005399		24		4.3
1560767890.03	4300	59.750083		0.0		2152483		21		4.3
1560768163.81	4300	27.543094		8.845		2209463		3455		-33.7335
1560768175.95	750	4		-8.846		450283		2		35.2378
1560768176.03	4300	8		0.0		2123065		5		0.75
1560768176.1	4300	12		0.0		2177073		4		4.3
1560768176.17	4300	16.0		0.0		2160877		4		4.3
1560768176.25	4300	20		0.0		2233056		3		4.3
1560768176.32	4300	24		0.0		1941625		3		4.3
1560768176.42	4300	28		0.0		2157535		5		4.3
1560768176.51	4300	32		0.0		2290172		10		4.3
1560768176.59	4300	36		0.0		2055469		4		4.3
1560768176.69	4300	40		0.0		2169201		13		4.3
1560768176.77	4300	44		0.0		2173522		6		4.3
1560768176.88	4300	48		0.0		2102452		10		4.3
1560768176.98	4300	52		0.0		2209463		10		4.3
1560768177.1	4300	56		0.0		2275376		12		4.3
1560768179.76	4300	59.749009		0.0		2005399		7		4.3
1560768183.4	4300	59.914946		0.0		2152483		22		4.3
1560768187.53	4300	59.999041		0.0		2289689		3		4.3
1560768191.73	4300	59.749627		0.0		2059512		16		4.3
1560768195.36	4300	59.999377		0.0		2220726		10		4.3
1560768199.99	4300	59.498919		0.0		2156729		10		4.3
1560768203.61	4300	59.749691		0.0		2039773		12		4.3
1560768207.73	4300	59.748149		0.0		2176469		10		4.3
1560768211.36	4300	59.998948		0.0		2221506		20		4.3
1560768215.49	4300	59.999125		0.0		2044075		8		4.3
1560768219.61	4300	59.748969		0.0		2186790		11		4.3
1560768223.74	4300	59.749041		0.0		2105231		10		4.3
1560768227.87	4300	59.499531		0.0		2395588		14		4.3
1560768232.01	4300	59.498904		0.0		1972048		8		4.3
1560768235.66	4300	59.748982		0.0		2134614		14		4.3
1560768239.79	4300	59.748654		0.0		2164140		12		4.3
1560768243.41	4300	59.999311		0.0		2113193		9		4.3
1560768247.54	4300	59.999211		0.0		2147852		10		4.3
1560768251.67	4300	59.74924		0.0		2191074		10		4.3
1560768255.79	4300	59.749556		0.0		2286761		11		4.3
1560768259.92	4300	59.498494		0.0		2307787		14		4.3
1560768263.52	4300	59.999027		0.0		2143948		7		4.3
1560768267.68	4300	59.749264		0.0		1919781		8		4.3
1560768271.8	4300	59.749349		0.0		2147467		8		4.3
1560768275.42	4300	59.998699		0.0		2133870		9		4.3
1560768279.52	4300	59.999415		0.0		2146120		5		4.3
1560768283.65	4300	59.748711		0.0		2108491		15		4.3
1560768287.78	4300	59.749479		0.0		2184571		8		4.3
1560768291.41	4300	59.998381		0.0		2121928		13		4.3
1560768295.51	4300	59.998562		0.0		2219102		6		4.3
1560768299.63	4300	59.748429		0.0		2124950		5		4.3
1560768303.76	4300	59.748635		0.0		2246506		10		4.3
1560768307.41	4300	59.999429		0.0		1961140		6		4.3
1560768311.61	4300	59.748372		0.0		2155012		8		4.3
1560768313.23	4300	59.929176		0.0		1433658		7		4.3

1560768313.69	750	4		0.03		668286		3		-0.129
1560768313.8	4300	7.957134		0.0		2123065		9		0.75
1560768313.91	4300	11.857199		0.0		2177073		5		4.3
1560768314.04	4300	15.720091		0.0		2160877		18		4.3
1560768314.15	4300	19.601188		0.0		2233056		14		4.3
1560768314.26	4300	23.507816		0.0		1941625		7		4.3
1560768314.4	4300	27.362345		0.0		2157535		26		4.3
1560768314.51	4300	31.248283		0.0		2290172		13		4.3
1560768314.63	4300	35.148315		0.0		2055469		11		4.3
1560768314.78	4300	38.994503		0.0		2169201		19		4.3
1560768314.9	4300	42.865146		0.0		2173522		12		4.3
1560768315.06	4300	46.698817		0.0		2102452		21		4.3
1560768315.18	4300	50.581002		0.0		2209463		13		4.3
1560768315.31	4300	54.449751		0.0		2275376		20		4.3
1560768315.43	4300	58.334506		0.0		2005399		11		4.3
1560768318.03	4300	59.748848		0.0		2152483		5		4.3
1560768322.16	4300	59.748795		0.0		2289689		16		4.3
1560768327.3	4300	59.499516		0.0		2059512		11		4.3
1560768329.89	4300	59.998801		0.0		2220726		9		4.3
1560768334.01	4300	59.998935		0.0		2156729		7		4.3
1560768338.19	4300	59.74975		0.0		2039773		7		4.3
1560768342.63	4300	59.499791		0.0		2176469		23		4.3
1560768345.75	4300	59.999303		0.0		2221506		23		4.3
1560768349.87	4300	59.999323		0.0		2044075		12		4.3
1560768354.49	4300	59.499126		0.0		2186790		6		4.3
1560768358.12	4300	59.749332		0.0		2105231		7		4.3
1560768362.23	4300	59.749531		0.0		2395588		8		4.3
1560768365.87	4300	59.99845		0.0		1972048		22		4.3
1560768370.02	4300	59.748995		0.0		2134614		16		4.3
1560768374.12	4300	59.749592		0.0		2164140		8		4.3
1560768378.22	4300	59.748868		0.0		2113193		8		4.3
1560768381.85	4300	59.99942		0.0		2147852		9		4.3
1560768386.48	4300	59.499068		0.0		2191074		14		4.3
1560768390.08	4300	59.749453		0.0		2286761		11		4.3
1560768394.24	4300	59.749797		0.0		2307787		13		4.3
1560768397.92	4300	59.999232		0.0		2143948		26		4.3
1560768402.09	4300	59.748876		0.0		1919781		10		4.3
1560768406.22	4300	59.74921		0.0		2147467		12		4.3
1560768409.85	4300	59.998362		0.0		2133870		9		4.3
1560768414.03	4300	59.999461		0.0		2146120		11		4.3
1560768418.19	4300	59.749492		0.0		2108491		11		4.3
1560768421.89	4300	59.998568		0.0		2184571		13		4.3
1560768426.02	4300	59.997849		0.0		2121928		9		4.3
1560768430.22	4300	59.748928		0.0		2219102		10		4.3
1560768433.93	4300	59.997821		0.0		2124950		11		4.3
1560768438.05	4300	59.748914		0.0		2246506		8		4.3
1560768442.19	4300	59.749425		0.0		1961140		11		4.3
1560768445.82	4300	59.999283		0.0		2155012		10		4.3
1560768447.92	4300	59.678327		0.0		1433658		6		4.3

1560768448.57	750	4		0.025		668286		3		-0.10750000000000004
1560768448.73	4300	7.952492		0.0		2123065		7		0.75
1560768448.88	4300	11.79047		0.0		2177073		10		4.3
1560768448.97	4300	15.658682		0.0		2160877		11		4.3
1560768449.06	4300	19.575552		0.0		2233056		6		4.3
1560768449.15	4300	23.492802		0.0		1941625		6		4.3
1560768449.28	4300	27.379067		0.0		2157535		11		4.3
1560768449.43	4300	31.209278		0.0		2290172		27		4.3
1560768449.53	4300	35.126815		0.0		2055469		5		4.3
1560768449.64	4300	39.007854		0.0		2169201		10		4.3
1560768449.8	4300	42.875886		0.0		2173522		15		4.3
1560768449.92	4300	46.71922		0.0		2102452		17		4.3
1560768450.03	4300	50.61179		0.0		2209463		10		4.3
1560768450.12	4300	54.524962		0.0		2275376		5		4.3
1560768450.28	4300	58.387281		0.0		2005399		13		4.3
1560768453.39	4300	59.499572		0.0		2152483		9		4.3
1560768457.02	4300	59.749283		0.0		2289689		13		4.3
1560768461.12	4300	59.739095		0.0		2059512		7		4.3
1560768464.77	4300	59.998817		0.0		2220726		20		4.3
1560768468.91	4300	59.749911		0.0		2156729		12		4.3
1560768473.06	4300	59.749181		0.0		2039773		9		4.3
1560768476.69	4300	59.998764		0.0		2176469		9		4.3
1560768481.34	4300	59.498404		0.0		2221506		5		4.3
1560768485.04	4300	59.749783		0.0		2044075		10		4.3
1560768489.18	4300	59.499976		0.0		2186790		22		4.3
1560768493.28	4300	59.499487		0.0		2105231		6		4.3
1560768499.47	4300	59.653142		0.0		2395588		13		4.3
1560768504.65	4300	59.908121		0.0		1972048		13		4.3
1560768508.81	4300	59.907796		0.0		2134614		46		4.3
