1560763659.52	750	4		0.792		450283		743		-3.4055999999999997
1560763660.33	750	8		0.0		398865		661		0.75
1560763662.13	1850	12		0.0		877771		1612		0.75
1560763664.28	1850	16.0		0.0		933276		2023		1.85
1560763666.43	1850	20		0.0		996749		2011		1.85
1560763668.27	1850	23.10812		0.0		801058		1713		1.85
1560763670.37	1850	25.018845		0.0		905515		1964		1.85
1560763672.92	1850	26.478252		0.0		1060487		2398		1.85
1560763675.01	1850	28.379177		0.0		852833		1951		1.85
1560763677.45	1850	29.927933		0.0		913888		2322		1.85
1560763679.85	1850	31.548457		0.0		939819		2252		1.85
1560763682.5	1850	32.882644		0.0		917428		2508		1.85
1560763686.62	1850	32.768623		0.0		946851		3978		1.85
1560763689.33	1850	35.204046		0.0		1036454		2368		1.85
1560763695.32	4300	34.98009		0.0		2005399		5424		1.8499999999999996
1560763702.33	4300	38.98009		0.0		2152483		6751		4.3
1560763708.33	4300	42.98009		0.0		2289689		5270		4.3
1560763712.81	4300	42.686359		0.0		2059512		4353		4.3
1560763718.24	4300	41.278261		0.0		2220726		5257		4.3
1560763721.94	4300	41.561927		0.0		2156729		3561		4.3
1560763725.62	4300	41.874344		0.0		2039773		3554		4.3
1560763729.75	4300	41.737599		0.0		2176469		4007		4.3
1560763735.33	4300	44.762839		0.0		2221506		4882		4.3
1560763739.64	4300	45.710066		0.0		2044075		4171		4.3
1560763743.04	4300	46.302356		0.0		2186790		3282		4.3
1560763745.94	4300	47.390843		0.0		2105231		2794		4.3
1560763749.54	4300	47.79792		0.0		2395588		3477		4.3
1560763752.3	4300	49.034683		0.0		1972048		2638		4.3
1560763755.75	4300	49.598204		0.0		2134614		3312		4.3
1560763760.32	4300	53.007535		0.0		2164140		3478		4.3
1560763764.32	4300	57.007535		0.0		2113193		3504		4.3
1560763794.83	4300	59.85825		0.0		2147852		3777		4.3
1560763798.85	4300	59.859257		0.0		2191074		2849		4.3
1560763802.75	4300	59.753514		0.0		2286761		3769		4.3
1560763805.82	4300	27.543094		8.077		2209463		3455		-30.431099999999997
1560763806.86	4300	59.859639		-8.077		2307787		2986		39.031099999999995
1560763807.95	4300	27.543094		8.077		2209463		3455		-30.431099999999997
1560763809.31	4300	27.543094		0.0		2209463		3455		4.3
1560763810.84	4300	59.859601		-8.077		2143948		2840		39.031099999999995
1560763811.27	4300	27.543094		8.077		2209463		3455		-30.431099999999997
1560763812.65	4300	27.543094		0.0		2209463		3455		4.3
1560763814.76	4300	59.859876		-8.077		1919781		2787		39.031099999999995
1560763814.91	4300	27.543094		8.077		2209463		3455		-30.431099999999997
1560763815.86	4300	27.543094		0.0		2209463		3455		4.3
1560763817.06	4300	27.543094		0.0		2209463		3455		4.3
1560763817.84	4300	27.543094		0.0		2209463		3455		4.3
1560763818.52	4300	27.543094		0.0		2209463		3455		4.3
1560763819.06	4300	59.60995		-8.077		2147467		3181		39.031099999999995
1560763819.24	4300	27.543094		8.077		2209463		3455		-30.431099999999997
1560763820.28	4300	27.543094		0.0		2209463		3455		4.3
1560763822.89	4300	59.608329		-8.077		2133870		2714		39.031099999999995
1560763830.11	4300	56.428794		0.0		2146120		7058		4.3
1560763833.86	4300	27.543094		8.077		2209463		3455		-30.431099999999997
1560763835.16	4300	27.543094		0.0		2209463		3455		4.3
1560763837.15	4300	53.356198		-8.077		2108491		6842		39.031099999999995
1560763838.91	4300	27.543094		8.077		2209463		3455		-30.431099999999997
1560763841.32	4300	53.186272		-8.077		2184571		4026		39.031099999999995
1560763843.08	4300	27.543094		8.077		2209463		3455		-30.431099999999997
1560763845.34	4300	27.543094		0.0		2209463		3455		4.3
1560763845.83	4300	52.682593		-8.077		2121928		4365		39.031099999999995
1560763847.46	4300	27.543094		8.077		2209463		3455		-30.431099999999997
1560763848.67	4300	27.543094		0.0		2209463		3455		4.3
1560763849.78	4300	52.722416		-8.077		2219102		3826		39.031099999999995
1560763852.98	4300	53.524798		0.0		2124950		3078		4.3
1560763853.53	4300	27.543094		8.077		2209463		3455		-30.431099999999997
1560763854.75	4300	27.543094		0.0		2209463		3455		4.3
1560763856.15	4300	27.543094		0.0		2209463		3455		4.3
1560763856.51	4300	53.997233		-8.077		2246506		3395		39.031099999999995
1560763859.72	4300	54.787312		0.0		1961140		3084		4.3
1560763863.54	4300	54.96327		0.0		2155012		3698		4.3
1560763866.28	4300	53.906894		0.0		1433658		2611		4.3

