1561029547.04	750	3.975696		1.258		450283		993		-5.4094
1561029548.25	750	6.714452		0.0		398865		802		0.75
1561029549.41	750	9.590661		0.0		350812		740		0.75
1561029552.85	1850	10.09968		0.0		933276		2870		0.75
1561029556.41	1850	10.540989		0.0		996749		3166		1.85
1561029560.2	1850	10.856001		0.0		801058		3306		1.85
1561029564.3	1850	11.148063		0.0		905515		3651		1.85
1561029567.78	1850	12.202581		0.0		1060487		3026		1.85
1561029570.98	1850	13.30232		0.0		852833		2779		1.85
1561029574.53	1850	14.061935		0.0		913888		3114		1.85
1561029578.12	1850	14.810407		0.0		939819		3163		1.85
1561029582.82	1850	14.548215		0.0		917428		4242		1.85
1561029586.3	1850	15.106216		0.0		946851		3070		1.85
1561029589.91	1850	15.800143		0.0		1036454		3235		1.85
1561029593.33	1850	16.686374		0.0		821631		3023		1.85
1561029597.5	1850	16.950295		0.0		923170		3718		1.85
1561029602.48	1850	16.180286		0.0		966699		4555		1.85
1561029607.87	1850	15.2232		0.0		885714		4996		1.85
1561029612.7	1850	14.909096		0.0		987708		4400		1.85
1561029617.2	1850	14.847373		0.0		923755		4093		1.85
1561029620.48	1850	16.1512		0.0		891604		2877		1.85
1561029624.45	1850	16.325597		0.0		955231		3510		1.85
1561029632.04	1850	13.026029		0.0		968026		7122		1.85
1561029636.91	1850	12.55763		0.0		874175		3655		1.85
1561029639.84	1850	13.953517		0.0		897976		2483		1.85
1561029642.29	1850	15.828053		0.0		905935		1999		1.85
1561029645.11	1850	17.523364		0.0		1076599		2344		1.85
1561029647.26	1850	19.629254		0.0		758197		1729		1.85
1561029650.68	1850	20.215665		0.0		972798		3015		1.85
1561029653.25	1850	21.731374		0.0		975811		2076		1.85
1561029656.62	1850	22.530357		0.0		873429		2977		1.85
1561029660.27	1850	23.031589		0.0		954453		3279		1.85
1561029664.12	1850	23.638812		0.0		885062		3431		1.85
1561029668.43	1850	23.330737		0.0		1035329		3847		1.85
1561029671.72	1850	24.283679		0.0		1026056		2875		1.85
1561029675.29	1850	24.983612		0.0		943942		3177		1.85
1561029677.74	1850	26.626774		0.0		728962		2015		1.85
1561029681.58	1850	27.104656		0.0		938587		3414		1.85
1561029685.76	1850	27.217455		0.0		908665		3793		1.85
1561029689.86	1850	27.56079		0.0		930577		3656		1.85
1561029695.31	1850	26.11226		0.0		858450		5040		1.85
1561029701.06	1850	24.622354		0.0		1025005		5329		1.85
1561029703.61	1850	26.146323		0.0		886255		2145		1.85
1561029706.32	1850	27.796089		0.0		973972		2246		1.85
1561029708.87	1850	29.186972		0.0		958994		2139		1.85
1561029711.98	1850	30.126319		0.0		982064		2660		1.85
1561029722.52	4300	24.368187		0.0		1961140		9861		1.8499999999999996
1561029731.74	4300	19.590381		0.0		2155012		8711		4.3
1561029738.62	4300	14.599824		0.0		1433658		6375		4.3

