1560849716.65	4300	0		8.869		2209463		3455		-38.1367
1560849720.22	4300	27.543094		0.0		2209463		3455		4.3
1560849723.58	4300	27.543094		0.0		2209463		3455		4.3
1560849724.6	4300	27.543094		0.0		2209463		3455		4.3
1560849740.02	4300	27.543094		0.0		2209463		3455		4.3
1560849741.34	4300	0		0.0		2209463		3455		4.3
1560849742.81	4300	27.543094		0.0		2209463		3455		4.3
1560849744.27	4300	0		0.0		2209463		3455		4.3
1560849746.29	4300	27.543094		0.0		2209463		3455		4.3
1560849748.38	4300	0		0.0		2209463		3455		4.3
1560849750.45	4300	27.543094		0.0		2209463		3455		4.3
1560849752.32	4300	0		0.0		2209463		3455		4.3
1560849754.24	4300	27.543094		0.0		2209463		3455		4.3
1560849755.99	4300	0		0.0		2209463		3455		4.3
1560849757.94	4300	27.543094		0.0		2209463		3455		4.3
1560849759.68	4300	0		0.0		2209463		3455		4.3
1560849761.75	4300	27.543094		0.0		2209463		3455		4.3
1560849763.44	4300	0		0.0		2209463		3455		4.3
1560849765.21	4300	27.543094		0.0		2209463		3455		4.3
1560849766.7	4300	0		0.0		2209463		3455		4.3
1560849769.28	4300	27.543094		0.0		2209463		3455		4.3
1560849770.41	4300	0		0.0		2209463		3455		4.3
1560849771.81	4300	27.543094		0.0		2209463		3455		4.3
1560849773.03	4300	0		0.0		2209463		3455		4.3
1560849775.08	4300	27.543094		0.0		2209463		3455		4.3
1560849776.61	4300	0		0.0		2209463		3455		4.3
1560849778.08	4300	27.543094		0.0		2209463		3455		4.3
1560849780.58	4300	0		0.0		2209463		3455		4.3
1560849782.57	4300	27.543094		0.0		2209463		3455		4.3
1560849783.86	4300	0		0.0		2209463		3455		4.3
1560849785.36	4300	27.543094		0.0		2209463		3455		4.3
1560849786.46	4300	0		0.0		2209463		3455		4.3
1560849787.77	4300	27.543094		0.0		2209463		3455		4.3
1560849789.09	4300	0		0.0		2209463		3455		4.3
1560849790.08	4300	27.543094		0.0		2209463		3455		4.3
1560849791.64	4300	0		0.0		2209463		3455		4.3
1560849792.92	4300	27.543094		0.0		2209463		3455		4.3
1560849794.91	4300	0		0.0		2209463		3455		4.3
1560849796.55	4300	27.543094		0.0		2209463		3455		4.3
1560849797.52	4300	0		0.0		2209463		3455		4.3
1560849798.72	4300	27.543094		0.0		2209463		3455		4.3
1560849799.84	4300	0		0.0		2209463		3455		4.3
1560849801.0	4300	27.543094		0.0		2209463		3455		4.3
1560849801.85	4300	0		0.0		2209463		3455		4.3
1560849803.15	4300	27.543094		0.0		2209463		3455		4.3
1560849804.2	4300	0		0.0		2209463		3455		4.3
1560849805.66	4300	27.543094		0.0		2209463		3455		4.3
1560849806.82	4300	0		0.0		2209463		3455		4.3
1560849809.27	4300	27.543094		0.0		2209463		3455		4.3
1560849809.53	4300	0		0.0		2209463		3455		4.3
1560849810.7	4300	27.543094		0.0		2209463		3455		4.3
1560849811.82	4300	0		0.0		2209463		3455		4.3
1560849817.39	4300	27.543094		0.0		2209463		3455		4.3
1560849819.58	4300	0		0.0		2209463		3455		4.3
1560849820.86	4300	0		0.0		2209463		3455		4.3
1560849822.82	4300	27.543094		0.0		2209463		3455		4.3
1560849824.56	4300	0		0.0		2209463		3455		4.3
1560849825.94	4300	27.543094		0.0		2209463		3455		4.3
1560849827.19	4300	0		0.0		2209463		3455		4.3
1560849828.57	4300	27.543094		0.0		2209463		3455		4.3
1560849829.71	4300	0		0.0		2209463		3455		4.3
1560849830.9	4300	27.543094		0.0		2209463		3455		4.3
1560849832.0	4300	0		0.0		2209463		3455		4.3
1560849833.13	4300	27.543094		0.0		2209463		3455		4.3
1560849834.32	4300	0		0.0		2209463		3455		4.3
1560849835.84	4300	27.543094		0.0		2209463		3455		4.3
1560849836.83	4300	0		0.0		2209463		3455		4.3
1560849838.58	4300	27.543094		0.0		2209463		3455		4.3
1560849839.66	4300	0		0.0		2209463		3455		4.3
1560849841.44	4300	27.543094		0.0		2209463		3455		4.3
1560849843.67	4300	0		0.0		2209463		3455		4.3
1560849845.69	4300	0		0.0		2209463		3455		4.3
1560849846.83	4300	0		0.0		2209463		3455		4.3
1560849847.85	4300	0		0.0		2209463		3455		4.3
1560849848.74	4300	0		0.0		2209463		3455		4.3
1560849849.54	4300	0		0.0		2209463		3455		4.3
1560849850.39	4300	0		0.0		2209463		3455		4.3
1560849851.1	4300	0		0.0		2209463		3455		4.3
1560849852.03	4300	0		0.0		2209463		3455		4.3
1560849852.78	4300	0		0.0		2209463		3455		4.3
1560849853.72	4300	0		0.0		2209463		3455		4.3
1560849854.41	4300	0		0.0		2209463		3455		4.3
1560849855.72	4300	0		0.0		2209463		3455		4.3
1560849856.51	4300	0		0.0		2209463		3455		4.3
1560849858.56	4300	0		0.0		2209463		3455		4.3
1560849859.46	4300	0		0.0		2209463		3455		4.3
1560849860.28	4300	0		0.0		2209463		3455		4.3
1560849861.01	4300	0		0.0		2209463		3455		4.3
1560849861.79	4300	0		0.0		2209463		3455		4.3
1560849873.65	4300	0		0.0		2209463		3455		4.3
1560849877.77	4300	27.543094		0.0		2209463		3455		4.3
1560849882.11	4300	0		0.0		2209463		3455		4.3
1560849885.64	4300	27.543094		0.0		2209463		3455		4.3
1560849888.14	4300	0		0.0		2209463		3455		4.3
1560849891.02	4300	27.543094		0.0		2209463		3455		4.3
1560849892.37	4300	27.543094		0.0		2209463		3455		4.3
1560849894.36	4300	27.543094		0.0		2209463		3455		4.3
1560849894.63	4300	27.543094		0.0		2209463		3455		4.3
1560849896.01	4300	27.543094		0.0		2209463		3455		4.3
1560849897.06	4300	27.543094		0.0		2209463		3455		4.3
1560849898.15	4300	27.543094		0.0		2209463		3455		4.3
1560849899.16	4300	27.543094		0.0		2209463		3455		4.3
1560849900.16	4300	27.543094		0.0		2209463		3455		4.3
1560849902.18	4300	0		0.0		2209463		3455		4.3
1560849903.33	4300	0		0.0		2209463		3455		4.3
1560849905.37	4300	0		0.0		2209463		3455		4.3
1560849909.25	4300	0		0.0		2209463		3455		4.3
1560849909.53	4300	0		0.0		2209463		3455		4.3
1560849910.02	4300	0		0.0		2209463		3455		4.3
1560849911.51	4300	0		0.0		2209463		3455		4.3
1560849939.5	4300	27.543094		0.0		2209463		3455		4.3
1560849942.94	4300	0		0.0		2209463		8000000003455		4.3
1560849944.2	4300	0		0.0		2209463		8000000003455		4.3
1560849945.35	4300	0		0.0		2209463		8000000003455		4.3
1560849946.48	4300	0		0.0		2209463		8000000003455		4.3
1560849947.56	4300	0		0.0		2209463		8000000003455		4.3
1560849948.6	4300	0		0.0		2209463		8000000003455		4.3
1560849949.58	4300	0		0.0		2209463		8000000003455		4.3
1560849962.44	4300	1		0.0		2209463		8000000003455		4.3
1560849963.53	4300	1		0.0		2209463		8000000003455		4.3
1560849965.91	4300	1		0.0		2209463		8000000003455		4.3
1560849966.76	4300	1		0.0		2209463		8000000003455		4.3
1560849967.67	4300	1		0.0		2209463		8000000003455		4.3
1560849968.57	4300	1		0.0		2209463		8000000003455		4.3
1560849969.55	4300	1		0.0		2209463		8000000003455		4.3
1560849970.52	4300	1		0.0		2209463		8000000003455		4.3
1560849972.87	4300	27.543094		0.0		2209463		3455		4.3
1560849973.79	4300	27.543094		0.0		2209463		3455		4.3
1560849974.79	4300	27.543094		0.0		2209463		3455		4.3
1560849975.96	4300	27.543094		0.0		2209463		3455		4.3
1560849977.01	4300	27.543094		0.0		2209463		3455		4.3
1560849977.95	4300	27.543094		0.0		2209463		3455		4.3
1560849978.76	4300	27.543094		0.0		2209463		3455		4.3
1560849979.55	4300	27.543094		0.0		2209463		3455		4.3
1560849980.51	4300	27.543094		0.0		2209463		3455		4.3
1560849981.41	4300	27.543094		0.0		2209463		3455		4.3
1560849983.92	4300	1		0.0		2209463		8000000003455		4.3
1560849984.86	4300	1		0.0		2209463		8000000003455		4.3
1560849985.72	4300	1		0.0		2209463		8000000003455		4.3
1560849986.56	4300	1		0.0		2209463		8000000003455		4.3
1560849987.64	4300	1		0.0		2209463		8000000003455		4.3
1560849989.22	4300	1		0.0		2209463		8000000003455		4.3
1560849990.22	4300	1		0.0		2209463		8000000003455		4.3
1560849991.48	4300	1		0.0		2209463		8000000003455		4.3
1560849992.6	4300	1		0.0		2209463		8000000003455		4.3
1560849993.72	4300	1		0.0		2209463		8000000003455		4.3
1560849994.65	4300	1		0.0		2209463		8000000003455		4.3
1560849995.61	4300	1		0.0		2209463		8000000003455		4.3
1560849996.71	4300	1		0.0		2209463		8000000003455		4.3
1560850039.03	4300	1		0.0		2209463		8000000003455		4.3
1560850042.51	4300	1		0.0		2209463		8000000003455		4.3
1560850044.27	4300	1		0.0		2209463		8000000003455		4.3
1560850078.97	4300	1		0.0		2209463		8000000003455		4.3
1560850080.11	4300	1		0.0		2209463		8000000003455		4.3
1560850081.39	4300	1		0.0		2209463		8000000003455		4.3
1560850085.08	4300	27.543094		0.0		2209463		3455		4.3
1560850086.74	4300	27.543094		0.0		2209463		3455		4.3
1560850088.83	4300	27.543094		0.0		2209463		3455		4.3
1560850089.81	4300	27.543094		0.0		2209463		3455		4.3
1560850090.69	4300	27.543094		0.0		2209463		3455		4.3
1560850091.66	4300	27.543094		0.0		2209463		3455		4.3
1560850092.59	4300	27.543094		0.0		2209463		3455		4.3
1560850093.54	4300	27.543094		0.0		2209463		3455		4.3
1560850094.54	4300	27.543094		0.0		2209463		3455		4.3
1560850117.17	4300	27.543094		0.0		2209463		3455		4.3
1560850118.16	4300	27.543094		0.0		2209463		3455		4.3
1560850119.05	4300	27.543094		0.0		2209463		3455		4.3
1560850120.05	4300	27.543094		0.0		2209463		3455		4.3
1560850121.05	4300	27.543094		0.0		2209463		3455		4.3
1560850122.08	4300	27.543094		0.0		2209463		3455		4.3
1560850122.89	4300	27.543094		0.0		2209463		3455		4.3
1560850123.91	4300	27.543094		0.0		2209463		3455		4.3
1560850125.04	4300	27.543094		0.0		2209463		3455		4.3
1560851072.86	4300	59.785534		-8.796		2164140		41		42.12279999999999
1560851074.69	4300	59.888921		4.209		2186790		13		-13.7987
1560851078.76	4300	59.91222		-4.209		2113193		45		22.3987
1560851084.02	4300	59.878416		-0.006		2186790		13		4.3258
1560851087.14	4300	59.943602		-0.034		2221506		6		4.4462
1560851091.27	4300	59.943657		0.0		2044075		6		4.3
1560851096.69	4300	59.639445		4.249		2105231		6		-13.9707
1560851100.69	4300	59.878843		-4.209		2147852		31		22.3987
1560851104.84	4300	59.878727		0.0		2191074		37		4.3
1560851109.04	4300	59.629755		0.0		2286761		34		4.3
1560851115.22	4300	59.796843		4.209		2395588		13		-13.7987
1560851115.79	4300	59.281439		-4.215		2105231		10		22.424500000000002
1560851119.22	4300	59.645383		-0.034		2186790		7		4.4462
1560851120.83	4300	59.674386		0.007		2039773		11		4.2699
1560851124.52	4300	59.924059		0.0		2176469		38		4.3
1560851128.65	4300	59.923821		0.0		2221506		28		4.3
1560851135.73	4300	59.965164		0.0		2044075		3		4.3
1560851138.24	4300	59.578403		0.033		2307787		35		4.1581
1560851143.75	4300	59.344809		4.209		1972048		9		-13.7987
1560851148.18	4300	59.75368		0.0		2134614		39		4.3
1560851151.2	4300	59.851067		-4.209		2143948		27		22.3987
1560851156.49	4300	59.599626		0.0		1919781		33		4.3
1560851160.46	1850	59.5996		0.0		938587		1786		-0.6000000000000001
1560851166.18	4300	59.819215		4.209		2164140		42		-16.2487
1560851166.27	1850	59.504123		-4.209		908665		8		17.498700000000003
1560851170.78	4300	59.625543		-0.006		2395588		11		1.8758
1560851177.2	4300	59.635438		0.0		1972048		3		4.3
1560851180.86	4300	59.886713		0.0		2134614		19		4.3
1560851184.98	4300	59.636395		0.0		2164140		13		4.3
1560851188.18	4300	59.653659		4.215		2113193		24		-13.8245
1560851193.69	4300	59.59144		-4.215		2113193		11		22.424500000000002
1560851198.71	4300	59.699457		-0.034		2105231		7		4.4462
1560851202.69	4300	59.964535		0.04		2146120		25		4.128
1560851206.68	4300	59.893708		4.209		2147852		4		-13.7987
1560851210.78	4300	59.894165		0.0		2191074		7		4.3
1560851214.97	4300	59.644388		0.0		2286761		13		4.3
1560851219.09	4300	59.644027		0.0		2307787		9		4.3
1560851222.69	4300	59.893594		0.0		2143948		9		4.3
1560851226.8	4300	59.895012		0.0		1919781		6		4.3
1560851230.98	4300	59.643722		0.0		2147467		40		4.3
1560851235.13	4300	59.643175		0.0		2133870		31		4.3
1560851238.73	4300	59.894721		0.0		2146120		6		4.3
1560851242.82	4300	59.894031		0.0		2108491		9		4.3
