1561454919.24	750	4		0.017		450283		1		-0.07309999999999994
1561454923.88	4300	6.717489		0.0		2123065		4448		0.75
1561454926.63	4300	7.948204		0.0		2177073		2489		4.3
1561454927.85	1850	10.718545		0.0		933276		1062		-0.6000000000000001
1561454928.3	300	14.297771		0.0		163442		218		-1.25
1561454928.63	300	17.978175		0.0		126289		131		0.3
1561454929.0	300	21.611179		0.0		153295		169		0.3
1561454929.32	300	25.245161		0.0		173849		167		0.3
1561454929.9	750	28.666241		0.0		374758		418		0.3
1561454933.42	4300	30.94943		0.0		2169201		2484		0.75
1561454936.45	4300	34.94943		0.0		2173522		2673		4.3
1561454939.07	4300	38.100045		0.0		2102452		2422		4.3
1561454942.43	4300	40.881437		0.0		2209463		3021		4.3
1561454946.42	4300	44.881437		0.0		2275376		3320		4.3
1561454950.44	4300	48.881437		0.0		2005399		2906		4.3
1561454954.43	4300	52.881437		0.0		2152483		3339		4.3
1561454958.42	4300	56.881437		0.0		2289689		3318		4.3
1561454962.31	4300	59.68996		0.0		2059512		3217		4.3
1561455055.55	4300	59.958571		0.0		2220726		3176		4.3
1561455059.92	4300	59.324612		0.0		2156729		4236		4.3
1561455063.48	4300	59.761732		0.0		2039773		3457		4.3
1561455067.71	4300	59.708442		0.0		2176469		3506		4.3
1561455071.75	4300	59.520323		0.0		2221506		3900		4.3
1561455075.6	4300	59.866392		0.0		2044075		2681		4.3
1561455079.46	4300	59.866961		0.0		2186790		3162		4.3
1561455083.59	4300	59.850143		0.0		2105231		3484		4.3
