1560764095.87	750	3.995188		2.014		450283		1859		-8.6602
1560764096.92	300	6.868719		0.0		155580		553		-0.15000000000000002
1560764098.46	750	9.337631		0.0		350812		1148		0.3
1560764100.14	750	11.649212		0.0		382355		1315		0.75
1560764102.1	750	13.715076		0.0		411561		1563		0.75
1560764103.81	750	15.976965		0.0		318564		1302		0.75
1560764105.46	750	18.332616		0.0		352642		1273		0.75
1560764113.74	1850	14.04489		0.0		1060487		7787		0.75
1560764115.4	750	16.397304		0.0		374758		1263		-0.3500000000000001
1560764118.22	1850	17.563103		0.0		913888		2431		0.75
1560764121.38	1850	18.413806		0.0		939819		2787		1.85
1560764124.29	1850	19.503161		0.0		917428		2537		1.85
1560764127.12	1850	20.689063		0.0		946851		2411		1.85
1560764131.25	1850	20.596549		0.0		1036454		3700		1.85
1560764134.28	1850	21.50656		0.0		821631		2620		1.85
1560764138.49	1850	21.293448		0.0		923170		3838		1.85
1560764141.63	1850	22.152383		0.0		966699		2762		1.85
1560764145.42	1850	22.375095		0.0		885714		3376		1.85
1560764148.21	1850	23.576503		0.0		987708		2404		1.85
1560764150.54	1850	25.259952		0.0		923755		1950		1.85
1560764152.34	1850	27.45787		0.0		891604		1428		1.85
1560764156.33	4300	27.461192		0.0		2176469		3455		1.8499999999999996
1560764159.85	4300	27.962141		0.0		2221506		3099		4.3
1560764167.41	4300	24.37444		0.0		2044075		7171		4.3
1560764183.51	4300	12.295894		0.0		2186790		15565		4.3
1560764185.26	1850	14.547358		0.0		905935		1319		-0.6000000000000001
1560764188.1	1850	15.708763		0.0		1076599		2320		1.85
1560764190.21	1850	17.620468		0.0		758197		1667		1.85
1560764192.55	1850	19.255346		0.0		972798		1930		1.85
1560764194.72	1850	21.088598		0.0		975811		1764		1.85
1560764199.54	4300	20.258233		0.0		2113193		4405		1.8499999999999996
1560764203.88	4300	19.92963		0.0		2147852		3892		4.3
1560764209.67	4300	18.149437		0.0		2191074		5328		4.3
1560764214.69	4300	17.103836		0.0		2286761		4598		4.3
1560764221.13	4300	14.666259		0.0		2307787		5946		4.3
1560764223.27	1850	16.512018		0.0		943942		1687		-0.6000000000000001
1560764225.07	1850	18.728235		0.0		728962		1367		1.85
1560764227.15	1850	20.644689		0.0		938587		1697		1.85
1560764229.61	1850	22.187645		0.0		908665		2075		1.85
1560764231.74	1850	24.048587		0.0		930577		1762		1.85
1560764234.13	1850	25.703407		0.0		858450		1942		1.85
1560764237.6	1850	26.247908		0.0		1025005		3014		1.85
1560764240.37	1850	27.407909		0.0		886255		2383		1.85
1560764244.56	1850	27.243844		0.0		973972		3580		1.85
1560764247.69	1850	28.087856		0.0		958994		2763		1.85
1560764250.38	1850	29.412519		0.0		982064		2299		1.85
1560764257.69	4300	26.09572		0.0		1961140		6889		1.8499999999999996
1560764262.78	4300	25.007641		0.0		2155012		4688		4.3
1560764267.22	4300	22.290392		0.0		1433658		4000		4.3

1560764271.44	750	3.994911		2.827		668286		2612		-12.1561
1560764272.86	750	6.562261		0.0		398865		910		0.75
1560764275.17	1850	8.262879		0.0		877771		1785		0.75
1560764281.52	1850	5.927423		0.0		933276		5926		1.85
1560764283.94	750	7.48121		0.0		411561		1899		-0.3500000000000001
1560764285.71	750	9.724003		0.0		318564		1284		0.75
1560764287.26	750	12.163541		0.0		352642		1170		0.75
1560764298.75	1850	4.668092		0.0		1060487		11062		0.75
1560764299.99	300	7.449286		0.0		150710		736		-1.25
1560764301.83	750	9.597742		0.0		362795		1465		0.3
1560764303.25	750	12.17765		0.0		353220		1052		0.75
1560764305.01	1850	14.470162		0.0		917428		1303		0.75
1560764306.54	1850	16.890206		0.0		946851		1152		1.85
1560764308.2	1850	19.215618		0.0		1036454		1305		1.85
1560764313.05	4300	18.386141		0.0		2005399		4320		1.8499999999999996
1560764319.5	4300	15.920976		0.0		2152483		6009		4.3
1560764325.88	4300	13.589032		0.0		2289689		5918		4.3
1560764330.91	4300	12.537798		0.0		2059512		4571		4.3
1560764336.78	4300	10.664948		0.0		2220726		5468		4.3
1560764339.95	1850	11.474663		0.0		923755		2777		-0.6000000000000001
1560764341.91	1850	13.530126		0.0		891604		1528		1.85
1560764346.68	1850	12.791797		0.0		955231		4324		1.85
1560764352.45	1850	10.958336		0.0		968026		5333		1.85
1560764357.46	1850	9.994554		0.0		874175		4446		1.85
1560764362.33	1850	9.084797		0.0		897976		4415		1.85
1560764365.07	1850	10.352777		0.0		905935		2361		1.85
1560764367.57	1850	11.850977		0.0		1076599		2121		1.85
1560764369.88	1850	13.541276		0.0		758197		1917		1.85
1560764372.26	1850	15.161474		0.0		972798		2020		1.85
1560764374.46	1850	16.960295		0.0		975811		1826		1.85
1560764376.51	1850	18.946175		0.0		873429		1649		1.85
1560764378.7	1850	20.72265		0.0		954453		1813		1.85
1560764381.38	1850	22.038205		0.0		885062		2319		1.85
1560764383.99	1850	23.420986		0.0		1035329		1996		1.85
1560764386.06	1850	25.362124		0.0		1026056		1678		1.85
1560764388.55	1850	26.859806		0.0		943942		2107		1.85
1560764390.63	1850	28.78471		0.0		728962		1699		1.85
1560764392.86	1850	30.582145		0.0		938587		1843		1.85
1560764410.3	4300	17.154472		0.0		2133870		17011		1.8499999999999996
