1561099890.27	750	4		1.335		450283		1198		-5.7405
1561099893.75	2850	4.801625		0.0		1431809		2955		0.75
1561099896.84	2850	5.734047		0.0		1300868		2665		2.85
1561099901.55	2850	5.019888		0.0		1520281		4268		2.85
1561099913.28	2850	4.36892		6.921		1472558		11218		-26.9103
1561099921.88	2850	4.280032		4.566		1224260		7981		-16.7838
1561099927.91	1850	4.09729		1.855		905515		5478		-7.1265
1561099931.38	1850	4.62741		0.0		1060487		3001		1.85
1561099933.81	1850	6.207426		0.0		852833		1999		1.85
1561099936.19	1850	7.864167		0.0		913888		1906		1.85
1561099938.55	1850	9.474193		0.0		939819		1922		1.85
1561099940.84	1850	11.161785		0.0		917428		1876		1.85
1561099953.38	4300	4.202544		1.52		2209463		11919		-4.686
1561099960.26	2850	4.218323		2.917		1578343		6250		-11.1431
1561099963.29	2850	5.172501		0.0		1231445		2584		2.85
1561099965.61	1850	6.851454		0.0		923170		1883		0.8500000000000001
1561099974.42	2850	4.38445		2.365		1491626		8363		-8.3195
1561099979.89	1850	4.245058		1.316		885714		4888		-4.8088
1561099982.64	1850	5.502689		0.0		987708		2318		1.85
1561099984.98	1850	7.143701		0.0		923755		1938		1.85
1561099987.28	1850	8.840952		0.0		891604		1860		1.85
1561099990.36	1850	9.762092		0.0		955231		2640		1.85
1561099993.93	2850	10.213043		0.0		1505760		3101		1.85
1561099998.58	4300	9.539931		0.0		2044075		4213		2.8499999999999996
1561100063.97	750	3.986989		-17.621		450283		4938		72.97030000000001
1561100069.78	1850	4.263115		2.049		957685		5194		-8.060699999999999
1561100072.76	1850	5.362431		0.0		877771		2125		1.85
1561100074.99	1850	7.045744		0.0		933276		1771		1.85
1561100078.14	1850	7.911846		0.0		996749		2670		1.85
1561100080.76	1850	9.277804		0.0		801058		2127		1.85
1561100084.28	1850	9.747752		0.0		905515		3078		1.85
1561100088.9	1850	9.151177		0.0		1060487		4123		1.85
1561100094.98	2850	7.043493		0.0		1348011		5440		1.85
1561100107.22	2850	4.312473		5.24		1429765		11483		-19.682
1561100116.0	1850	4.283332		5.155		939819		8256		-21.316499999999998
1561100118.72	750	5.711476		0.0		405134		2231		-0.3500000000000001
1561100122.51	750	6.015405		0.0		386351		3123		0.75
1561100126.52	300	5.745517		0.0		179801		1787		-0.15000000000000002
1561100127.85	300	8.580842		0.0		140051		880		0.3
1561100131.29	300	9.128748		0.0		138313		1889		0.3
1561100135.53	300	8.859508		0.0		143509		3748		0.3
1561100140.58	750	7.796603		0.0		372963		4574		0.3
1561100142.7	300	9.947278		0.0		165384		1444		-0.15000000000000002
1561100148.17	750	8.100717		0.0		350713		4460		0.3
1561100149.67	300	10.716235		0.0		157671		1083		-0.15000000000000002
1561100153.04	750	11.348521		0.0		399894		2945		0.3
1561100154.01	300	14.372923		0.0		163927		535		-0.15000000000000002
1561100154.8	300	17.606903		0.0		137654		320		0.3
1561100158.15	1850	18.244429		0.0		897976		2871		0.30000000000000004
1561100162.7	2850	17.681826		0.0		1480464		4098		1.85
1561100165.95	2850	18.42213		0.0		1547572		2841		2.85
1561100170.83	4300	17.574356		0.0		1972048		4254		2.8499999999999996
1561100176.41	4300	15.991813		0.0		2134614		5118		4.3
1561100180.17	4300	16.234899		0.0		2164140		3234		4.3
1561100184.31	4300	16.095946		0.0		2113193		3579		4.3
1561100189.45	4300	14.922122		0.0		2147852		4009		4.3
1561100195.01	4300	13.366948		0.0		2191074		5106		4.3
1561100216.85	750	3.991978		-15.163		450283		2276		62.40089999999999
1561100220.46	1850	4.370994		0.0		957685		3086		0.75
1561100223.27	2850	5.556813		0.0		1300868		2272		1.85
1561100227.16	2850	5.663819		0.0		1520281		3487		2.85
1561100230.39	2850	6.464648		0.0		1472558		2792		2.85
1561100232.91	2850	7.940282		0.0		1224260		2026		2.85
1561100237.03	4300	7.888283		0.0		2157535		3480		2.8499999999999996
1561100241.85	4300	7.042055		0.0		2290172		4325		4.3
1561100246.32	4300	6.563005		0.0		2055469		4005		4.3
1561100327.1	4300	4.290725		74.526		2169201		80240		-316.16179999999997
1561100328.73	300	6.673308		0.0		141840		954		-3.7
1561100330.05	300	9.353259		0.0		156148		885		0.3
1561100331.25	300	12.144696		0.0		160746		764		0.3
1561100332.47	300	14.933469		0.0		179801		806		0.3
1561100334.16	300	18.00805		0.0		140051		469		0.3
1561100338.67	1850	16.623863		0.0		923170		4092		0.30000000000000004
1561100343.72	2850	15.686406		0.0		1491626		4598		1.85
1561100347.64	2850	15.772249		0.0		1358801		3457		2.85
1561100352.61	2850	14.800743		0.0		1537156		4522		2.85
1561100357.44	2850	13.962619		0.0		1336050		4385		2.85
