1561359713.54	750	4		1.228		450283		947		-5.280399999999999
1561359714.73	750	6.925939		0.0		398865		727		0.75
1561359716.62	1850	8.999544		0.0		877771		1319		0.75
1561359718.74	1850	10.872079		0.0		933276		1723		1.85
1561359720.84	1850	12.827992		0.0		996749		1643		1.85
1561359722.75	1850	14.872516		0.0		801058		1475		1.85
1561359725.64	1850	16.371894		0.0		905515		1828		1.85
1561359728.63	1850	17.020911		0.0		1060487		2492		1.85
1561359732.07	1850	17.551894		0.0		852833		2994		1.85
1561359736.25	1850	17.395397		0.0		913888		3708		1.85
1561359742.33	1850	15.332391		0.0		939819		5587		1.85
1561359746.3	1850	15.360222		0.0		917428		3401		1.85
1561359748.6	1850	16.998798		0.0		946851		1796		1.85
1561359750.42	1850	19.198054		0.0		1036454		1359		1.85
