1561028468.74	750	3.984995		1.223		450283		1048		-5.2589
1561028469.89	750	6.723226		0.0		398865		789		0.75
1561028470.91	750	9.711097		0.0		350812		646		0.75
1561028473.41	1850	11.209685		0.0		933276		1996		0.75
1561028476.45	1850	12.165058		0.0		996749		2668		1.85
1561028479.49	1850	13.137813		0.0		801058		2603		1.85
1561028482.67	1850	13.966995		0.0		905515		2768		1.85
1561028487.07	1850	13.554097		0.0		1060487		4001		1.85
1561028490.76	1850	13.862614		0.0		852833		3296		1.85
1561028495.11	1850	13.507481		0.0		913888		3965		1.85
1561028499.23	1850	13.390186		0.0		939819		3715		1.85
1561028502.34	1850	14.276254		0.0		917428		2735		1.85
1561028505.39	1850	15.229515		0.0		946851		2662		1.85
1561028509.22	1850	15.394162		0.0		1036454		3199		1.85
1561028511.49	1850	17.177792		0.0		821631		1843		1.85
1561028514.71	1850	17.904706		0.0		923170		2713		1.85
1561028518.61	1850	18.015474		0.0		966699		3521		1.85
1561028524.76	1850	15.871224		0.0		885714		5709		1.85
1561028529.82	1850	14.819227		0.0		987708		4621		1.85
1561028534.38	1850	14.230842		0.0		923755		4183		1.85
1561028540.56	1850	12.076733		0.0		891604		5783		1.85
1561028545.14	1850	11.476085		0.0		955231		4178		1.85
1561028550.7	1850	9.948883		0.0		968026		5138		1.85
1561028556.61	1850	8.040871		0.0		874175		5437		1.85
1561028558.64	750	9.981482		0.0		359903		1559		-0.3500000000000001
1561028561.66	750	10.963311		0.0		379700		1768		0.75
1561028565.02	750	11.607681		0.0		425781		2947		0.75
1561028566.96	750	13.683362		0.0		277716		1502		0.75
1561028569.02	750	15.59621		0.0		400396		1634		0.75
1561028571.26	750	17.358969		0.0		400508		1860		0.75
1561028575.94	1850	16.713005		0.0		873429		4250		0.75
1561028578.58	1850	18.087532		0.0		954453		2194		1.85
