1561030109.7	750	3.991246		1.818		450283		1591		-7.817399999999999
1561030113.59	1850	4.076274		0.0		957685		3200		0.75
1561030117.03	1850	4.808462		0.0		877771		3029		1.85
1561030119.82	1850	6.409996		0.0		933276		2374		1.85
1561030125.4	2850	5.362363		0.0		1472558		4816		1.85
1561030130.69	1850	5.443027		0.0		801058		4825		0.8500000000000001
1561030137.96	1850	4.363238		1.287		905515		6805		-3.6840999999999995
1561030141.68	1850	4.677732		0.0		1060487		3224		1.85
1561030152.58	1850	4.188074		6.435		852833		10437		-25.8205
1561030154.26	300	6.591863		0.0		139105		1011		-1.25
1561030155.53	300	9.307967		0.0		141840		851		0.3
1561030156.77	300	12.11672		0.0		156148		848		0.3
1561030159.04	750	13.871571		0.0		386351		1770		0.3
1561030160.43	750	16.452372		0.0		434409		965		0.75
1561030162.72	1850	18.180038		0.0		821631		1855		0.75
1561030165.4	1850	19.506807		0.0		923170		2250		1.85
1561030170.08	2850	18.830494		0.0		1491626		4107		1.85
1561030178.29	4300	14.632522		0.0		2059512		7513		2.8499999999999996
1561030190.78	4300	8.319515		0.0		2220726		11896		4.3
1561030195.04	2850	9.597795		0.0		1336050		3767		1.4000000000000001
1561030202.71	2850	8.502229		0.0		1415116		6905		2.85
1561030207.42	2850	9.613912		0.0		1468126		4190		2.85
1561030212.91	2850	9.973544		0.0		1505760		4885		2.85
1561030218.96	2850	9.360659		0.0		1323990		5534		2.85
1561030227.31	2850	7.10715		0.0		1383735		7820		2.85
1561030236.2	2850	4.72875		0.0		1480464		7778		2.85
1561030240.26	1850	5.919986		0.0		1076599		3483		0.8500000000000001
1561030244.19	1850	7.08485		0.0		758197		3442		1.85
1561030247.87	1850	8.080835		0.0		972798		3256		1.85
1561030250.51	1850	9.58184		0.0		975811		2172		1.85
1561030252.89	1850	11.203137		0.0		873429		1966		1.85
1561030256.08	1850	12.186337		0.0		954453		2758		1.85
1561030259.83	2850	12.460301		0.0		1358081		3263		1.85
1561030268.32	4300	8.301934		0.0		2286761		7850		2.8499999999999996
1561030274.93	4300	7.477851		0.0		2307787		6072		4.3
1561030280.81	4300	8.002557		0.0		2143948		5371		4.3
1561030289.57	4300	6.627996		0.0		1919781		8242		4.3
1561030298.52	2850	4.48719		0.0		1499009		8476		1.4000000000000001
1561030302.61	1850	5.267253		0.0		908665		3607		0.8500000000000001
1561030305.71	1850	6.873086		0.0		930577		2674		1.85
1561030308.76	1850	7.837216		0.0		858450		2610		1.85
1561030313.01	1850	7.584312		0.0		1025005		3798		1.85
1561030317.53	1850	7.065763		0.0		886255		4065		1.85
1561030323.12	1850	5.494042		0.0		973972		5064		1.85
1561030332.76	1850	4.436134		4.597		958994		9163		-17.917099999999998
1561030341.18	1850	4.031042		3.949		982064		7732		-15.130700000000003
1561030344.66	1850	4.57236		0.0		830730		2976		1.85
1561030347.09	1850	6.384847		0.0		846370		2008		1.85
1561030348.86	1850	6.288514		0.0		598850		1326		1.85

