1556015338.52	750	4	0.054	450283	3	-0.23219999999999996
1556015338.72	4300	8	0.0	2123065	57	0.75
1556015338.97	4300	12	0.0	2177073	102	4.3
1556015339.24	4300	16	0.0	2160877	56	4.3
1556015339.56	4300	20	0.0	2233056	72	4.3
1556015339.82	4300	24	0.0	1941625	32	4.3
1556015339.99	4300	28	0.0	2157535	29	4.3
1556015340.18	4300	32	0.0	2290172	53	4.3
1556015340.43	4300	36	0.0	2055469	22	4.3
1556015340.55	4300	40	0.0	2169201	38	4.3
1556015340.66	4300	44	0.0	2173522	23	4.3
1556015340.75	4300	48	0.0	2102452	22	4.3
1556015340.85	4300	52	0.0	2209463	22	4.3
1556015340.97	4300	56	0.0	2275376	40	4.3
1556015410.39	4300	59.771817	0.0	2005399	22	4.3
1556015414.62	4300	59.521804	0.0	2152483	59	4.3
1556015418.42	4300	59.771832	0.0	2289689	128	4.3
1556015422.57	4300	59.771812	0.0	2059512	29	4.3
1556015426.72	4300	59.521827	0.0	2220726	40	4.3
1556015430.45	4300	59.771736	0.0	2156729	104	4.3
1556015434.63	4300	59.521743	0.0	2039773	77	4.3
1556015438.82	4300	59.271822	0.0	2176469	69	4.3
1556015442.5	4300	59.771806	0.0	2221506	39	4.3
1556015446.67	4300	59.521795	0.0	2044075	56	4.3
1556015450.35	4300	59.771847	0.0	2186790	52	4.3
1556015454.52	4300	59.771818	0.0	2105231	62	4.3
1556015458.73	4300	59.521823	0.0	2395588	78	4.3
1556015462.38	4300	59.771825	0.0	1972048	32	4.3
1556015466.57	4300	59.771834	0.0	2134614	78	4.3
1556015470.35	4300	59.771796	0.0	2164140	95	4.3
1556015474.55	4300	59.771795	0.0	2113193	65	4.3
1556015478.79	4300	59.521818	0.0	2147852	76	4.3
1556015482.5	4300	59.771828	0.0	2191074	88	4.3
1556015486.69	4300	59.52184	0.0	2286761	69	4.3
1556015490.47	4300	59.771847	0.0	2307787	104	4.3
1556015494.68	4300	59.521843	0.0	2143948	54	4.3
1556015498.41	4300	59.771791	0.0	1919781	104	4.3
1556015502.78	4300	59.521803	0.0	2147467	125	4.3
1556015506.44	4300	59.771826	0.0	2133870	54	4.3
1556015510.67	4300	59.521817	0.0	2146120	99	4.3
1556015514.36	4300	59.771797	0.0	2108491	87	4.3
1556015518.52	4300	59.771807	0.0	2184571	51	4.3
1556015522.69	4300	59.52175	0.0	2121928	70	4.3
1556015526.43	4300	59.771829	0.0	2219102	115	4.3
1556015530.59	4300	59.520536	0.0	2124950	51	4.3
1556015534.8	4300	59.521792	0.0	2246506	86	4.3
1556015538.42	4300	59.771796	0.0	1961140	27	4.3
1556015542.61	4300	59.521808	0.0	2155012	119	4.3
1556015544.27	4300	59.70183	0.0	1433658	44	4.3

1556015545.16	750	3.977015	0.08	668286	8	-0.344
1556015545.27	4300	7.855815	0.0	2123065	23	0.75
1556015545.5	4300	11.632339	0.0	2177073	85	4.3
1556015545.75	4300	15.373724	0.0	2160877	41	4.3
1556015545.98	4300	19.144191	0.0	2233056	44	4.3
1556015546.17	4300	22.955023	0.0	1941625	36	4.3
1556015546.37	4300	26.75732	0.0	2157535	59	4.3
1556015546.5	4300	30.626148	0.0	2290172	22	4.3
1556015546.63	4300	34.50548	0.0	2055469	26	4.3
1556015546.78	4300	38.349789	0.0	2169201	42	4.3
1556015546.91	4300	42.226998	0.0	2173522	31	4.3
1556015547.04	4300	46.093079	0.0	2102452	28	4.3
1556015547.16	4300	49.970921	0.0	2209463	31	4.3
1556015547.36	4300	53.770246	0.0	2275376	75	4.3
1556015547.47	4300	57.657521	0.0	2005399	21	4.3
1556015549.6	4300	59.752066	0.0	2152483	27	4.3
1556015553.77	4300	59.502163	0.0	2289689	38	4.3
1556015557.45	4300	59.752215	0.0	2059512	32	4.3
1556015561.66	4300	59.50151	0.0	2220726	50	4.3
1556015565.84	4300	59.501716	0.0	2156729	41	4.3
1556015569.49	4300	59.752247	0.0	2039773	41	4.3
1556015573.65	4300	59.501758	0.0	2176469	38	4.3
1556015577.83	4300	59.502016	0.0	2221506	48	4.3
1556015581.52	4300	59.751391	0.0	2044075	43	4.3
1556015585.68	4300	59.499847	0.0	2186790	49	4.3
1556015589.83	4300	59.501924	0.0	2105231	40	4.3
1556015593.48	4300	59.75221	0.0	2395588	43	4.3
1556015597.64	4300	59.502121	0.0	1972048	34	4.3
1556015601.79	4300	59.50217	0.0	2134614	38	4.3
1556015605.45	4300	59.75222	0.0	2164140	37	4.3
1556015609.6	4300	59.75222	0.0	2113193	23	4.3
1556015613.75	4300	59.502204	0.0	2147852	33	4.3
1556015617.45	4300	59.752199	0.0	2191074	35	4.3
