1556028653.56	750	4	0.072	450283	4	-0.3096	5
1556028653.73	4300	8	0.0	2123065	44	0.75	5
1556028653.85	4300	12	0.0	2177073	31	4.3	5
1556028653.96	4300	16	0.0	2160877	33	4.3	5
1556028654.08	4300	20	0.0	2233056	43	4.3	5
1556028654.21	4300	24	0.0	1941625	28	4.3	5
1556028654.3	4300	28	0.0	2157535	39	4.3	5
1556028654.41	4300	32	0.0	2290172	36	4.3	5
1556028654.52	4300	36	0.0	2055469	36	4.3	5
1556028654.58	4300	40	0.0	2169201	18	4.3	5
1556028654.63	4300	44	0.0	2173522	16	4.3	5
1556028654.69	4300	48	0.0	2102452	27	4.3	5
1556028654.77	4300	52	0.0	2209463	16	4.3	5
1556028654.9	4300	56	0.0	2275376	21	4.3	5
1556028658.21	4300	59.497723	0.0	2005399	23	4.3	5
1556028661.8	4300	59.996615	0.0	2152483	253	4.3	5
1556028682.41	4300	45.920221	0.0	2289689	6510	4.3	5
