1556088948.67	750	4	0.056	450283	2	-0.24080000000000001	5
1556088948.85	4300	8	0.0	2123065	40	0.75	5
1556088948.97	4300	12	0.0	2177073	55	4.3	5
1556088949.09	4300	16	0.0	2160877	50	4.3	5
1556088949.19	4300	20	0.0	2233056	46	4.3	5
1556088949.29	4300	24	0.0	1941625	31	4.3	5
1556088949.42	4300	28	0.0	2157535	41	4.3	5
1556088949.54	4300	32	0.0	2290172	24	4.3	5
1556088949.61	4300	36	0.0	2055469	29	4.3	5
1556088949.73	4300	40	0.0	2169201	34	4.3	5
1556088949.92	4300	44	0.0	2173522	47	4.3	5
1556088950.05	4300	48	0.0	2102452	58	4.3	5
1556088950.16	4300	52	0.0	2209463	50	4.3	5
1556088950.31	4300	56	0.0	2275376	34	4.3	5
1556089048.87	4300	45.126522	0.0	2005399	35	4.3	5
1556089125.54	4300	32.48768	0.0	2152483	22991	4.3	5
1556089165.04	4300	29.863459	0.0	2289689	15236	4.3	5
1556089198.16	4300	33.863459	0.0	2059512	7292	4.3	3
