1556090145.6	750	4	0.128	450283	36	-0.5504
1556090145.93	4300	8	0.0	2123065	44	0.75
1556090146.25	4300	12	0.0	2177073	100	4.3
1556090146.52	4300	16	0.0	2160877	51	4.3
1556090146.82	4300	20	0.0	2233056	45	4.3
1556090146.97	4300	24	0.0	1941625	57	4.3
1556090147.07	4300	28	0.0	2157535	23	4.3
1556090147.18	4300	32	0.0	2290172	21	4.3
1556090147.29	4300	36	0.0	2055469	35	4.3
1556090147.39	4300	40	0.0	2169201	20	4.3
1556090147.5	4300	44	0.0	2173522	22	4.3
1556090147.61	4300	48	0.0	2102452	37	4.3
1556090147.71	4300	52	0.0	2209463	27	4.3
1556090147.82	4300	56	0.0	2275376	24	4.3
1556090156.42	4300	59.499633	0.0	2005399	21	4.3
1556090160.15	4300	59.749643	0.0	2152483	36	4.3
1556090164.28	4300	59.499567	0.0	2289689	364	4.3
1556090168.45	4300	59.499598	0.0	2059512	35	4.3
1556090172.12	4300	59.749575	0.0	2220726	41	4.3
1556090176.41	4300	59.499609	0.0	2156729	101	4.3
1556090180.13	4300	59.749527	0.0	2039773	84	4.3
1556090184.13	4300	59.749593	0.0	2176469	208	4.3
1556090188.28	4300	59.499583	0.0	2221506	39	4.3
1556090192.07	4300	59.748158	0.0	2044075	48	4.3
1556090196.01	4300	59.999256	0.0	2186790	1211	4.3
1556090200.24	4300	59.589495	0.0	2105231	401	4.3
1556090204.19	4300	59.839466	0.0	2395588	349	4.3
1556090208.38	4300	59.589458	0.0	1972048	80	4.3
1556090212.16	4300	59.839449	0.0	2134614	98	4.3
1556090216.43	4300	59.589452	0.0	2164140	67	4.3
1556090220.2	4300	59.589492	0.0	2113193	112	4.3
1556090223.95	4300	59.835069	0.0	2147852	73	4.3
1556090228.25	4300	59.589516	0.0	2191074	122	4.3
1556090232.47	4300	59.656994	0.0	2286761	320	4.3
1556090236.43	4300	59.656992	0.0	2307787	547	4.3
1556090240.16	4300	59.906982	0.0	2143948	237	4.3
1556090244.24	4300	59.65696	0.0	1919781	468	4.3
1556090248.37	4300	59.656954	0.0	2147467	82	4.3
1556090252.26	4300	59.656986	0.0	2133870	831	4.3
1556090256.0	4300	59.906985	0.0	2146120	356	4.3
1556090260.09	4300	59.903498	0.0	2108491	215	4.3
1556090265.9	4300	59.564267	0.0	2184571	267	4.3
1556090304.93	4300	59.71051	0.0	2121928	1842	4.3
1556090349.56	4300	59.702644	0.0	2219102	2580	4.3
1556090386.57	4300	59.887522	0.0	2124950	2287	4.3
1556090412.15	4300	59.814194	0.0	2246506	1151	4.3
