1556170865.84	750	4	0.071	450283	2	-0.3053	5
1556170865.99	4300	8	0.0	2123065	53	0.75	5
1556170866.1	4300	12	0.0	2177073	29	4.3	5
1556170866.2	4300	16	0.0	2160877	31	4.3	5
1556170866.3	4300	20	0.0	2233056	38	4.3	5
1556170866.41	4300	24	0.0	1941625	40	4.3	5
1556170866.51	4300	28	0.0	2157535	52	4.3	5
1556170866.64	4300	32	0.0	2290172	65	4.3	5
1556170866.72	4300	36	0.0	2055469	22	4.3	5
1556170866.83	4300	40	0.0	2169201	39	4.3	5
1556170866.95	4300	44	0.0	2173522	42	4.3	5
1556170867.04	4300	48	0.0	2102452	26	4.3	5
1556170867.15	4300	52	0.0	2209463	62	4.3	5
1556170867.21	4300	56	0.0	2275376	23	4.3	5
1556170872.28	4300	59.749409	0.0	2005399	15	4.3	5
1556170875.98	4300	59.999396	0.0	2152483	65	4.3	5
1556170880.11	4300	59.999428	0.0	2289689	50	4.3	5
1556170884.24	4300	59.749394	0.0	2059512	36	4.3	5
1556170888.34	4300	59.749409	0.0	2220726	29	4.3	5
1556170891.93	4300	59.99942	0.0	2156729	37	4.3	5
1556170896.01	4300	59.999428	0.0	2039773	34	4.3	5
1556170900.09	4300	59.999374	0.0	2176469	33	4.3	5
1556170904.22	4300	59.749369	0.0	2221506	82	4.3	5
1556170908.28	4300	59.749404	0.0	2044075	30	4.3	5
1556170912.38	4300	59.749416	0.0	2186790	23	4.3	5
1556170915.97	4300	59.999413	0.0	2105231	36	4.3	5
1556170920.12	4300	59.999373	0.0	2395588	63	4.3	5
1556170924.2	4300	59.749406	0.0	1972048	29	4.3	5
1556170928.28	4300	59.749136	0.0	2134614	43	4.3	5
1556170931.99	4300	59.999399	0.0	2164140	51	4.3	5
1556170936.13	4300	59.999427	0.0	2113193	59	4.3	5
1556170940.27	4300	59.748831	0.0	2147852	78	4.3	5
1556170943.93	4300	59.99941	0.0	2191074	50	4.3	5
1556170948.05	4300	59.99936	0.0	2286761	23	4.3	5
1556170952.21	4300	59.749401	0.0	2307787	66	4.3	5
1556170956.31	4300	59.749402	0.0	2143948	43	4.3	5
1556170959.97	4300	59.999426	0.0	1919781	92	4.3	5
1556170964.1	4300	59.999374	0.0	2147467	48	4.3	5
1556170968.23	4300	59.749402	0.0	2133870	36	4.3	5
1556170972.35	4300	59.749399	0.0	2146120	76	4.3	5
1556170975.94	4300	59.999361	0.0	2108491	37	4.3	5
1556170980.04	4300	59.999397	0.0	2184571	39	4.3	5
1556170984.13	4300	59.999405	0.0	2121928	35	4.3	5
1556170988.21	4300	59.749402	0.0	2219102	29	4.3	5
1556170992.28	4300	59.749368	0.0	2124950	24	4.3	5
1556170996.36	4300	59.749353	0.0	2246506	37	4.3	5
1556170999.93	4300	59.999389	0.0	1961140	32	4.3	5
1556171004.02	4300	59.999404	0.0	2155012	29	4.3	5
1556171006.15	4300	59.679423	0.0	1433658	54	4.3	5

1556171006.55	750	3.981662	0.074	668286	10	-0.3182	5
1556171006.62	4300	7.911555	0.0	2123065	23	0.75	5
1556171006.68	4300	11.850959	0.0	2177073	17	4.3	5
1556171006.81	4300	15.715939	0.0	2160877	60	4.3	5
1556171006.91	4300	19.620522	0.0	2233056	41	4.3	5
1556171007.0	4300	23.534391	0.0	1941625	28	4.3	5
1556171007.09	4300	27.4377	0.0	2157535	34	4.3	5
1556171007.21	4300	31.321794	0.0	2290172	43	4.3	5
1556171007.32	4300	35.208313	0.0	2055469	36	4.3	5
1556171007.46	4300	39.075179	0.0	2169201	68	4.3	5
1556171007.56	4300	42.978032	0.0	2173522	31	4.3	5
1556171007.64	4300	46.898455	0.0	2102452	24	4.3	5
1556171007.72	4300	50.807253	0.0	2209463	25	4.3	5
1556171007.81	4300	54.721782	0.0	2275376	24	4.3	5
1556171007.87	4300	58.656684	0.0	2005399	24	4.3	5
1556171010.95	4300	59.751695	0.0	2152483	25	4.3	5
1556171015.11	4300	59.498162	0.0	2289689	59	4.3	5
1556171019.24	4300	59.501697	0.0	2059512	39	4.3	5
1556171022.86	4300	59.751687	0.0	2220726	35	4.3	5
