1556091876.23	750	4	0.141	450283	3	-0.6063
1556091876.56	4300	8	0.0	2123065	57	0.75
1556091876.83	4300	12	0.0	2177073	54	4.3
1556091877.16	4300	16	0.0	2160877	115	4.3
1556091877.41	4300	20	0.0	2233056	57	4.3
1556091877.62	4300	24	0.0	1941625	25	4.3
1556091877.82	4300	28	0.0	2157535	61	4.3
1556091878.02	4300	32	0.0	2290172	29	4.3
1556091878.13	4300	36	0.0	2055469	23	4.3
1556091878.24	4300	40	0.0	2169201	39	4.3
1556091878.34	4300	44	0.0	2173522	30	4.3
1556091878.45	4300	48	0.0	2102452	22	4.3
1556091878.57	4300	52	0.0	2209463	40	4.3
1556091878.67	4300	56	0.0	2275376	24	4.3
