1556175645.47	750	4	0.069	450283	18	-0.29669999999999996
1556175645.7	4300	8	0.0	2123065	40	0.75
1556175646.0	4300	12	0.0	2177073	53	4.3
1556175646.26	4300	16	0.0	2160877	55	4.3
1556175646.55	4300	20	0.0	2233056	54	4.3
1556175646.83	4300	24	0.0	1941625	73	4.3
1556175647.07	4300	28	0.0	2157535	33	4.3
1556175647.16	4300	32	0.0	2290172	23	4.3
1556175647.26	4300	36	0.0	2055469	21	4.3
1556175647.38	4300	40	0.0	2169201	55	4.3
1556175647.49	4300	44	0.0	2173522	21	4.3
1556175647.58	4300	48	0.0	2102452	20	4.3
1556175647.67	4300	52	0.0	2209463	21	4.3
1556175647.78	4300	56	0.0	2275376	35	4.3
1556175651.39	4300	59.749743	0.0	2005399	20	4.3
