1556028653.56	750	4	0.072	450283	4	-0.3096	5
1556028653.73	4300	8	0.0	2123065	44	0.75	5
1556028653.85	4300	12	0.0	2177073	31	4.3	5
1556028653.96	4300	16	0.0	2160877	33	4.3	5
1556028654.08	4300	20	0.0	2233056	43	4.3	5
1556028654.21	4300	24	0.0	1941625	28	4.3	5
1556028654.3	4300	28	0.0	2157535	39	4.3	5
1556028654.41	4300	32	0.0	2290172	36	4.3	5
1556028654.52	4300	36	0.0	2055469	36	4.3	5
1556028654.58	4300	40	0.0	2169201	18	4.3	5
1556028654.63	4300	44	0.0	2173522	16	4.3	5
1556028654.69	4300	48	0.0	2102452	27	4.3	5
1556028654.77	4300	52	0.0	2209463	16	4.3	5
1556028654.9	4300	56	0.0	2275376	21	4.3	5
1556028658.21	4300	59.497723	0.0	2005399	23	4.3	5
1556028661.8	4300	59.996615	0.0	2152483	253	4.3	5
1556028682.41	4300	45.920221	0.0	2289689	6510	4.3	5
1556028703.25	4300	31.77935	0.0	2059512	2185	4.3	5
1556028733.29	4300	4.394239	0.0	2220726	9750	4.3	3
1556028735.03	1850	3.9228	0.693	923755	113	-3.5799000000000003	3
1556028735.66	1850	6.970598	0.0	891604	137	1.85	3
1556028735.84	1850	10.730115	0.0	955231	75	1.85	5
1556028736.12	4300	14.448989	0.0	2221506	61	1.8499999999999996	5
1556028736.25	4300	18.312318	0.0	2044075	69	4.3	5
1556028736.72	4300	21.888811	0.0	2186790	233	4.3	5
1556028737.42	4300	25.151628	0.0	2105231	603	4.3	5
1556028738.94	4300	27.64112	0.0	2395588	1294	4.3	5
1556028740.03	4300	30.634564	0.0	1972048	809	4.3	3
1556028767.98	1850	12.660585	0.0	972798	7329	-0.6000000000000001	3
1556028777.23	1850	3.908635	0.285	975811	1471	0.6245	3
1556028781.51	1850	3.946211	0.264	873429	119	0.7148000000000001	5
1556028788.41	4300	3.925636	0.62	2147852	294	-0.8160000000000003	5
1556028808.9	4300	0.539087	10.812	2191074	1896	-42.1916	5
1556028850.4	4300	0.413115	20.591	2286761	1425	-84.24130000000001	5
